0 2.47815 0.0391104 3.46554 0.0528744
1 0 0 0 0
2 2.41548 0.0354291 3.49506 0.0533924
3 2.1635 0.0310051 3.20089 0.0475199
4 3.95567 0.0476801 3.74256 0.0476968
5 2.13575 0.0348163 3.25441 0.0524424
6 4.81163 0.0714822 3.11869 0.0477949
7 2.32278 0.0290168 2.81016 0.0363581
8 2.29635 0.0286509 2.86973 0.0359591
9 3.60327 0.049465 2.87733 0.0392032
10 2.4282 0.035574 3.38482 0.0507504
11 3.03668 0.0388103 3.25121 0.0417936
12 0 0 0 0
13 3.10211 0.0429052 3.46113 0.0471946
14 2.16343 0.0263822 3.28912 0.0402197
15 2.41887 0.027793 3.52464 0.0412064
16 2.7113 0.033621 2.6644 0.0331656
17 2.13396 0.028043 3.49815 0.0467517
18 2.37038 0.0312499 3.50268 0.0466319
19 2.3056 0.0354334 3.20494 0.052123
20 2.37055 0.0281987 3.37384 0.0394833
21 2.25687 0.0269691 3.31154 0.0389969
22 4.4137 0.0317172 3.43467 0.0267702
23 2.35693 0.0280157 3.48266 0.04226
24 3.18445 0.0463388 3.13535 0.0461311
25 2.30942 0.0331513 2.91586 0.0430987
26 0 0 0 0
27 0.638227 0.00893246 2.94339 0.043139
28 2.35903 0.0291544 3.25344 0.0405593
29 2.38785 0.0294827 3.36003 0.0421689
30 4.1338 0.0597328 3.22554 0.04719
31 2.31422 0.0295048 3.28176 0.0443883
32 4.16362 0.0478661 4.0139 0.0480027
33 2.45424 0.0393894 3.74724 0.0457739
34 0 0 0 0
35 3.16998 0.0554489 3.63085 0.0623451
36 2.37234 0.0289756 2.25712 0.0282088
37 2.49753 0.0402764 1.95822 0.0328928
38 3.79652 0.0455795 2.43191 0.029799
39 3.42184 0.0289236 2.33499 0.021299
40 2.48664 0.0264262 2.56842 0.0298302
41 3.24274 0.0478812 2.29586 0.0332714
42 3.74999 0.0518251 2.23485 0.0313064
43 2.3429 0.0361092 2.37614 0.0371658
44 2.76948 0.0375101 2.46395 0.0345635
45 2.66371 0.0341296 2.28645 0.0301034
46 2.22148 0.0339834 2.21761 0.0330237
47 3.63381 0.0497423 2.36387 0.0321623
48 2.35884 0.0301532 2.28197 0.0287645
49 4.35562 0.052077 2.02352 0.024039
50 3.79086 0.0476371 2.32194 0.0293491
51 3.74978 0.0473065 2.32666 0.0298789
52 2.46097 0.0291502 2.21629 0.0267604
53 2.1591 0.0296716 2.39226 0.0338832
54 3.63808 0.0500799 2.12776 0.028366
55 1.99167 0.0286175 2.20319 0.0320877
56 4.65501 0.0580479 1.95412 0.0252421
57 3.43782 0.045199 2.17021 0.0288631
58 2.15162 0.030953 2.52232 0.0364843
59 2.25106 0.0316129 2.34973 0.0320997
60 2.8615 0.0414579 2.55187 0.0389011
61 2.21808 0.0281049 2.17688 0.0277477
62 2.24666 0.0278044 2.34663 0.0289286
63 3.80268 0.0427071 2.3229 0.0317957
64 3.54451 0.0438332 2.37484 0.0296374
65 0 0 0 0
66 2.32151 0.0348673 2.56323 0.0388955
67 2.40675 0.0326585 2.60383 0.0336854
68 4.80916 0.0576464 2.6006 0.0309577
69 3.12161 0.0343663 2.50836 0.0272165
70 3.77707 0.0507868 2.29342 0.0300529
71 2.27516 0.029399 2.50117 0.0328382
72 2.26973 0.0329265 2.43244 0.0359279
73 0 0 0 0
74 4.82241 0.0538877 2.62149 0.0309114
75 4.59976 0.0514258 2.43738 0.027324
76 2.90636 0.0366692 2.45566 0.0312792
77 3.38053 0.0574763 2.17005 0.0369628
78 1.9508 0.0231797 2.49919 0.0296455
79 2.01834 0.0283737 2.45795 0.0345228
80 3.36631 0.0483529 2.27259 0.0324744
81 4.20137 0.0657286 2.34877 0.0362176
82 4.41873 0.0533498 2.35805 0.0288981
83 2.1171 0.0341683 2.48234 0.0371365
84 2.5305 0.0293487 2.70882 0.0319005
85 2.22246 0.0309654 2.52696 0.0353355
86 0 0 0 0
87 2.5396 0.0257209 2.60502 0.0265302
88 0 0 0 0
89 2.6613 0.0327655 2.53508 0.0316734
90 2.3402 0.0373308 2.81194 0.0446923
91 0.657748 0.00853413 2.43339 0.0320519
92 3.53235 0.0543269 2.61179 0.0397141
93 2.29557 0.0318187 2.67307 0.0378559
94 2.97631 0.0407673 2.55406 0.0357146
95 4.28701 0.0558908 2.60262 0.0333104
96 4.51047 0.0416972 2.56194 0.0238096
97 3.03326 0.0370495 2.52552 0.0303235
98 2.10235 0.0258586 2.7701 0.0341213
99 2.23869 0.0301594 2.67015 0.0377565
100 2.24983 0.0255742 2.75438 0.0295719
101 3.09828 0.0382014 2.52032 0.0304071
102 1.47562 0.0180713 2.40878 0.0290511
103 2.40545 0.0376486 2.55664 0.0409384
104 3.43268 0.0483707 2.59363 0.0368411
105 3.72636 0.0441672 2.80311 0.0328351
106 3.96041 0.0396686 2.7436 0.028835
107 2.31007 0.0330572 2.6089 0.0386764
108 4.83431 0.0604213 2.64812 0.0332461
109 2.3318 0.0254569 2.78122 0.0295349
110 2.36444 0.0282279 2.75186 0.0333569
111 2.32907 0.0310345 2.65958 0.0355978
112 2.20489 0.0302389 2.85291 0.0407831
113 2.89671 0.029102 2.57971 0.0276682
114 2.92199 0.0418689 2.52719 0.0375164
115 1.79328 0.0277244 2.55067 0.0387393
116 3.64463 0.0430434 2.60453 0.0312187
117 2.20846 0.0289096 2.42829 0.0299277
118 4.65938 0.057918 2.81123 0.036428
119 2.31537 0.0308528 2.97892 0.038503
120 2.42893 0.0396721 2.83327 0.0475362
121 4.67386 0.0587976 2.82474 0.035514
122 2.29459 0.0284414 2.80849 0.0352234
123 2.31777 0.0291351 2.96188 0.0373044
124 2.23401 0.0285388 2.85621 0.0369914
125 2.2206 0.024996 2.73508 0.0307883
126 4.85863 0.0566013 2.39706 0.0286371
127 4.82386 0.0520458 2.60889 0.0293737
128 2.31404 0.0339553 2.84338 0.0419444
129 2.68214 0.0419351 2.80473 0.0454991
130 0 0 0 0
131 3.38722 0.0490686 2.41998 0.0350682
132 4.63014 0.0708679 2.44532 0.0380916
133 3.27511 0.0530973 3.03515 0.0477552
134 2.97378 0.0364704 2.99763 0.0364108
135 0 0 0 0
136 3.89284 0.047701 2.63652 0.0323395
137 0 0 0 0
138 4.44167 0.0579234 2.71126 0.0359515
139 0 0 0 0
140 4.72888 0.0621117 2.45441 0.033333
141 3.20036 0.0510296 2.79819 0.0437284
142 2.25325 0.0348716 2.76278 0.0415755
143 3.32366 0.0414258 3.11735 0.0375391
144 2.63184 0.0319552 3.20886 0.0401649
145 3.37824 0.0484948 3.20234 0.0445334
146 3.93917 0.0454124 2.74687 0.0299784
147 4.89374 0.0639873 2.96982 0.0410118
148 0 0 0 0
149 2.36684 0.0330378 2.67971 0.0368504
150 0.548699 0.00795221 2.78427 0.0414993
151 4.08068 0.0436782 3.07758 0.0334017
152 0 0 0 0
153 3.64573 0.0417956 2.81822 0.0323212
154 2.73965 0.0389519 3.5793 0.0523854
155 2.36394 0.0305052 3.27822 0.0426884
156 3.2478 0.0492086 3.21399 0.0506909
157 2.28316 0.0275017 3.15083 0.037614
158 4.42496 0.053112 3.00537 0.0361184
159 4.13503 0.057462 2.69917 0.0379766
160 2.29693 0.0352636 2.96609 0.0444151
161 2.32554 0.0305443 2.70717 0.0361771
162 0 0 0 0
163 2.22282 0.0303372 3.30204 0.0444539
164 2.33116 0.0248147 3.15043 0.0326816
165 2.57192 0.0322627 3.33072 0.0429576
166 2.34972 0.0323136 3.32456 0.0464689
167 0.855442 0.00945081 2.80463 0.0313336
168 2.28144 0.0311525 2.83284 0.0384585
169 4.53822 0.0623962 2.88503 0.0389828
170 4.84001 0.0621077 2.62432 0.033132
171 3.31401 0.0454921 2.64183 0.0355376
172 3.97097 0.0654289 2.94549 0.0478617
173 2.31185 0.0348677 3.05043 0.046142
174 2.25294 0.0251144 3.23582 0.0360112
175 4.35032 0.0500666 3.29654 0.0369941
176 2.77121 0.0309352 3.28774 0.0388252
177 2.94245 0.0426114 3.37897 0.0474216
178 0 0 0 0
179 2.33073 0.0304854 2.88824 0.0384836
180 4.77355 0.0707743 2.788 0.0415315
181 4.83787 0.06685 2.68051 0.0380945
182 3.26997 0.0533167 2.80817 0.0465366
183 1.31372 0.0227022 2.87697 0.0504537
184 2.23906 0.0354079 2.64469 0.0412489
185 4.29002 0.0630782 3.05291 0.0454408
186 3.95342 0.0571861 3.21475 0.0456085
187 4.07893 0.0483599 3.19438 0.0384156
188 0 0 0 0
189 2.2645 0.0314586 3.32293 0.04572
190 4.79882 0.0563977 3.22179 0.0365306
191 2.65616 0.0339922 2.8757 0.0374823
192 3.56162 0.048061 2.61455 0.035273
193 4.65417 0.0606291 2.54132 0.0334023
194 3.40676 0.0472917 2.55831 0.0340926
195 2.22661 0.0329824 2.98177 0.04613
196 2.26779 0.0235064 3.13706 0.031687
197 2.25654 0.0264723 3.17591 0.0376283
198 0 0 0 0
199 3.25446 0.0480825 3.18431 0.0490024
200 2.22689 0.0243919 3.16044 0.0378449
201 3.52809 0.0481358 3.37399 0.0416171
202 2.18212 0.0273451 3.30464 0.0425385
203 0.758583 0.0176147 2.521 0.0695088
204 3.92381 0.0514103 2.41197 0.0314429
205 1.89135 0.0228431 2.23053 0.0276143
206 0 0 0 0
207 3.84394 0.0609508 2.78546 0.0446092
208 2.44188 0.028735 2.91761 0.0333133
209 2.07005 0.0285771 3.20268 0.0455711
210 3.3492 0.0501972 3.0472 0.0481178
211 3.90719 0.0507025 3.12611 0.0405365
212 4.25362 0.0653157 3.28748 0.0485935
213 0 0 0 0
214 0 0 0 0
215 4.81844 0.0658944 2.83597 0.0389123
216 4.12223 0.0491307 2.67632 0.0321949
217 2.10094 0.0346776 2.78091 0.0464533
218 4.73408 0.0590013 2.99904 0.0399466
219 4.66988 0.0630843 3.14466 0.0451782
220 2.36089 0.0357997 3.3103 0.0519613
221 4.81021 0.0601744 2.89562 0.0366543
222 3.49194 0.0411548 3.02316 0.0385694
223 4.76529 0.0710688 2.93957 0.0459383
224 3.17741 0.0347506 2.75365 0.0292945
225 2.42135 0.033421 2.70225 0.0307603
226 4.58644 0.0664399 2.77133 0.0400151
227 2.78046 0.0317754 3.04868 0.0341868
228 2.651 0.04406 2.83389 0.0485272
229 4.68509 0.0563313 3.17131 0.039908
230 2.20684 0.030507 2.83588 0.0389978
231 3.76146 0.0484174 3.01848 0.0390825
232 2.26983 0.0311275 3.18198 0.0443603
233 2.62265 0.0411497 2.50611 0.0430361
234 0 0 0 0
235 4.63259 0.0623107 2.42748 0.0333172
236 2.33511 0.0392122 2.69416 0.0478157
237 2.28686 0.035563 2.89749 0.0460217
238 4.85487 0.0349499 2.92095 0.0238635
239 2.458 0.0388141 2.7966 0.0454423
240 2.32375 0.0392104 2.96521 0.0512159
241 4.28071 0.0710654 2.83882 0.0487138
242 4.71436 0.0424072 2.48827 0.0221618
243 4.31063 0.0563431 2.34928 0.031931
244 0 0 0 0
245 3.96597 0.0517762 2.64269 0.0351859
246 3.44102 0.0568745 2.33501 0.0387161
247 4.68932 0.027559 2.451 0.0147991
