0 2.42021 0.0318906 3.56595 0.0473739
1 0 0 0 0
2 2.37872 0.0339279 3.57829 0.0520688
3 2.105 0.0227776 3.29918 0.0362607
4 3.96255 0.0599051 3.75193 0.0539244
5 2.22207 0.0319543 3.13146 0.0452524
6 4.79507 0.0652317 3.14417 0.0433216
7 2.30064 0.0318665 2.84144 0.0410014
8 2.28127 0.0273896 2.89632 0.033894
9 3.54766 0.0470284 2.92238 0.0399472
10 2.45291 0.0311509 3.36176 0.0411157
11 3.09689 0.0395518 3.21516 0.0430824
12 0 0 0 0
13 3.09435 0.0413415 3.48771 0.0465394
14 2.16822 0.0298235 3.30181 0.0451972
15 2.43624 0.0342756 3.50956 0.0497557
16 2.62993 0.034615 2.75402 0.0370431
17 2.13821 0.0355134 3.50223 0.0593102
18 2.40085 0.0315255 3.46741 0.0460963
19 2.25709 0.0269105 3.27873 0.0401029
20 2.33169 0.0304638 3.43313 0.0442661
21 2.21358 0.0277518 3.38717 0.0427184
22 4.28538 0.0439789 3.55693 0.0375548
23 2.32725 0.0257172 3.5313 0.0399905
24 3.14812 0.0513038 3.18678 0.0527027
25 2.29635 0.0325442 2.93493 0.0423488
26 0 0 0 0
27 0.641084 0.00766356 2.93028 0.0372654
28 2.32281 0.0260144 3.31008 0.0377453
29 2.32101 0.036752 3.4519 0.0553032
30 4.0907 0.0451046 3.27392 0.0364732
31 2.33848 0.0289497 3.25258 0.0433923
32 4.13929 0.0565779 4.04401 0.0544966
33 2.52336 0.0414746 3.66557 0.0480838
34 0 0 0 0
35 3.1691 0.0524596 3.63053 0.0617376
36 2.38718 0.0302949 2.25208 0.0289421
37 2.51575 0.0305812 1.95907 0.02492
38 3.81509 0.0561462 2.43742 0.0368105
39 3.34915 0.0459481 2.39149 0.0337418
40 2.43476 0.0420357 2.63866 0.0430896
41 3.23596 0.0434989 2.32257 0.0310051
42 3.73736 0.0471744 2.25177 0.0288811
43 2.38651 0.0248576 2.34688 0.0249546
44 2.78127 0.040595 2.46748 0.0379269
45 2.64581 0.0381127 2.32025 0.0349788
46 2.22851 0.0299991 2.22639 0.0296747
47 3.63623 0.0511176 2.37484 0.0324476
48 2.3252 0.0275211 2.32599 0.0269688
49 4.34183 0.0606678 2.05132 0.0294013
50 3.76879 0.051572 2.35869 0.0327189
51 3.74537 0.0474686 2.34342 0.0302014
52 2.41201 0.0312261 2.27876 0.0303449
53 2.13598 0.0286516 2.42274 0.0324972
54 3.54253 0.0502827 2.19048 0.0320422
55 1.94015 0.033745 2.2713 0.0406937
56 4.58944 0.0641686 1.99879 0.0289921
57 3.48909 0.0514445 2.14229 0.0318838
58 2.18341 0.0258973 2.49629 0.0295972
59 2.2489 0.0258364 2.36652 0.028499
60 2.85711 0.0366145 2.57351 0.0317468
61 2.22958 0.0285896 2.1851 0.0279805
62 2.23767 0.032521 2.34862 0.0340772
63 3.79945 0.0492751 2.32957 0.0257775
64 3.54518 0.0466605 2.42523 0.0326462
65 0 0 0 0
66 2.29646 0.0296638 2.61309 0.0341788
67 2.42515 0.0337612 2.6121 0.0344246
68 4.8976 0.0585234 2.57682 0.0317203
69 3.02292 0.0459307 2.60419 0.0388351
70 3.79788 0.0534776 2.28452 0.0312477
71 2.29512 0.0282953 2.49804 0.0309617
72 2.21132 0.0314085 2.51516 0.0362442
73 0.189378 0.191145 1.22928 1.24072
74 4.83732 0.0467646 2.63537 0.0278436
75 4.72475 0.0643348 2.37742 0.0318899
76 2.92661 0.0374777 2.44444 0.0327936
77 3.38583 0.0408736 2.18258 0.0262525
78 1.98994 0.0191626 2.47173 0.0241405
79 1.97867 0.0269583 2.53618 0.0358586
80 3.30616 0.0526954 2.33942 0.0365434
81 4.20063 0.0651902 2.36503 0.0362631
82 4.46396 0.0590943 2.34092 0.0305365
83 2.11941 0.0314041 2.50376 0.0348603
84 2.51751 0.035435 2.73546 0.0391973
85 2.26633 0.0281579 2.49243 0.0313013
86 0 0 0 0
87 2.5085 0.033039 2.65935 0.0342077
88 0 0 0 0
89 2.65081 0.0389379 2.56202 0.0385256
90 2.36867 0.0286891 2.7814 0.0331631
91 0.667771 0.0152191 2.41559 0.0546055
92 3.55948 0.0420834 2.59665 0.0300909
93 2.31271 0.0355014 2.67645 0.0435429
94 2.96533 0.0327388 2.58385 0.0294394
95 4.24075 0.0559462 2.63923 0.0344733
96 4.42174 0.0584263 2.6319 0.0347172
97 2.96205 0.0424057 2.59832 0.0384762
98 2.09705 0.0272847 2.79035 0.0363573
99 2.29225 0.0379215 2.6175 0.0449902
100 2.2671 0.0387082 2.74142 0.0496176
101 3.00261 0.0424738 2.60933 0.0377171
102 1.4628 0.0192593 2.45018 0.032267
103 2.35225 0.0307847 2.6342 0.0354885
104 3.39915 0.0509341 2.63428 0.0395298
105 3.71604 0.0547234 2.84575 0.0417141
106 3.91409 0.0580107 2.80234 0.0433146
107 2.28653 0.0329973 2.65871 0.0393781
108 4.95983 0.0586497 2.59548 0.0312117
109 2.32746 0.0270123 2.79686 0.0323324
110 2.4103 0.0366544 2.71277 0.0418605
111 2.44251 0.0246317 2.55312 0.0265143
112 2.24683 0.0381414 2.81367 0.0499778
113 2.80438 0.0380279 2.67675 0.0380077
114 2.9084 0.0376715 2.56765 0.0327475
115 1.75834 0.0309372 2.60952 0.0452088
116 3.62279 0.0553373 2.63446 0.0385659
117 2.18745 0.0258394 2.47039 0.0280932
118 4.70816 0.060159 2.80717 0.0363174
119 2.31084 0.0297035 3.01914 0.0398007
120 2.4529 0.0335432 2.83667 0.0401326
121 4.7833 0.0527251 2.77646 0.030144
122 2.31174 0.0290646 2.80023 0.0355002
123 2.29128 0.0370123 3.01699 0.0493916
124 2.17482 0.0319209 2.95201 0.0432963
125 2.22282 0.0272154 2.74872 0.0339557
126 4.77543 0.0544508 2.45492 0.0289051
127 4.75387 0.073239 2.66394 0.0420799
128 2.30227 0.0267099 2.87032 0.0333849
129 2.69262 0.0417285 2.81325 0.0454513
130 0 0 0 0
131 3.36046 0.0500683 2.44595 0.0373067
132 4.63454 0.0655009 2.44337 0.0351161
133 3.25556 0.0505547 3.07854 0.0458239
134 2.92555 0.0374246 3.07737 0.0406362
135 0 0 0 0
136 3.92469 0.0531113 2.6241 0.0364929
137 0 0 0 0
138 4.47354 0.0537367 2.71824 0.0327497
139 0 0 0 0
140 4.67968 0.0639092 2.48653 0.0332341
141 3.18324 0.03519 2.82163 0.0324645
142 2.27614 0.03068 2.73364 0.0385354
143 3.3331 0.0370536 3.11379 0.0368755
144 2.6834 0.0337559 3.17488 0.0440366
145 3.38581 0.0401839 3.22224 0.0370174
146 3.97938 0.0498244 2.72687 0.0343172
147 4.9198 0.0625032 2.97437 0.0395813
148 0 0 0 0
149 2.35524 0.0306146 2.70194 0.0344224
150 0.548377 0.00811548 2.80882 0.0441165
151 4.04833 0.0491747 3.11617 0.0364052
152 0 0 0 0
153 3.65171 0.0497765 2.83904 0.0399585
154 2.72368 0.0356747 3.61284 0.0481414
155 2.37887 0.027265 3.2683 0.0383975
156 3.22183 0.0419918 3.25351 0.0447459
157 2.31447 0.0312221 3.11603 0.0438958
158 4.49781 0.0582589 2.95902 0.0397581
159 4.13109 0.0579271 2.71238 0.0376839
160 2.2799 0.0313534 3.01683 0.0421225
161 2.35262 0.0287059 2.68816 0.032659
162 0 0 0 0
163 2.19283 0.0335287 3.35522 0.0535075
164 2.28806 0.029115 3.235 0.0415983
165 2.57173 0.027743 3.35296 0.03724
166 2.36294 0.0373551 3.32769 0.0535163
167 0.813815 0.0096282 2.84736 0.0341895
168 2.3128 0.0282722 2.80305 0.0341658
169 4.57904 0.0591904 2.87256 0.0365076
170 4.81816 0.0562614 2.64868 0.0302687
171 3.30506 0.0435848 2.65339 0.0351326
172 4.02093 0.0522125 2.92418 0.0371149
173 2.35019 0.0294427 3.01846 0.039071
174 2.2188 0.0323966 3.30155 0.0492613
175 4.35042 0.0569577 3.31267 0.0444686
176 2.76594 0.0349624 3.31346 0.0414048
177 2.97832 0.0263647 3.36334 0.029665
178 0 0 0 0
179 2.36645 0.0311474 2.85465 0.0388531
180 4.7873 0.0544011 2.79959 0.0313865
181 4.74968 0.0639673 2.74843 0.0358219
182 3.2778 0.0406565 2.81598 0.0358362
183 1.30524 0.0190342 2.91542 0.0437769
184 2.26401 0.0294027 2.64331 0.0337641
185 4.23977 0.0577947 3.09054 0.0423379
186 4.03324 0.0489925 3.17854 0.038465
187 4.15271 0.0573305 3.14325 0.0437789
188 0 0 0 0
189 2.2703 0.0299158 3.3374 0.0443127
190 4.73925 0.068596 3.2719 0.0478127
191 2.61227 0.0387951 2.9327 0.0419813
192 3.51845 0.0411762 2.66249 0.0314305
193 4.69306 0.0670642 2.52976 0.0355226
194 3.37367 0.0560667 2.60785 0.0443017
195 2.26531 0.0314785 2.956 0.0431561
196 2.26951 0.0346747 3.15609 0.0480946
197 2.24025 0.0289999 3.22337 0.0418234
198 0 0 0 0
199 3.23552 0.0375531 3.21974 0.0383734
200 2.2473 0.0317422 3.12596 0.0482783
201 3.52264 0.0673938 3.40894 0.0607165
202 2.19079 0.0279703 3.30508 0.0415199
203 0.751763 0.0165362 2.5362 0.0663303
204 3.86861 0.0466101 2.45854 0.0308306
205 1.90347 0.028465 2.22592 0.0336834
206 0 0 0 0
207 3.83395 0.0588103 2.80651 0.0434916
208 2.44209 0.0305713 2.93914 0.0349909
209 2.074 0.0327409 3.21162 0.0495681
210 3.36129 0.0387798 3.04284 0.0363076
211 3.75568 0.0478247 3.27102 0.0409186
212 4.21904 0.0667496 3.32426 0.055364
213 0 0 0 0
214 0 0 0 0
215 4.86629 0.061032 2.82158 0.0367306
216 4.0954 0.0650076 2.69747 0.043716
217 2.13379 0.0302218 2.75879 0.0388899
218 4.69507 0.059762 3.044 0.0372552
219 4.72619 0.0717539 3.12536 0.049968
220 2.34683 0.0296886 3.35567 0.0441418
221 4.7831 0.066099 2.92963 0.0410146
222 3.52067 0.0271845 3.00597 0.0265874
223 4.76663 0.0547918 2.96305 0.0334637
224 3.15654 0.0419959 2.78544 0.035557
225 2.40094 0.0288915 2.73051 0.0276014
226 4.58224 0.0637674 2.79089 0.0399388
227 2.80705 0.0324973 3.02346 0.0350417
228 2.6357 0.0375022 2.85966 0.0422131
229 4.51319 0.0528464 3.32036 0.0401225
230 2.20399 0.0242098 2.86184 0.0315139
231 3.73606 0.052179 3.05988 0.0447203
232 2.24011 0.0280321 3.24761 0.041042
233 2.67112 0.0164869 2.46649 0.0198453
234 0 0 0 0
235 4.72287 0.0649857 2.39335 0.0319509
236 2.2939 0.0313492 2.77068 0.0381485
237 2.26603 0.0289446 2.9254 0.037809
238 4.90575 0.024943 2.90665 0.0181503
239 2.42397 0.0329374 2.85607 0.0402202
240 2.30613 0.0379212 3.01325 0.0507687
241 4.38919 0.0223268 2.78235 0.0170993
242 4.79327 0.023871 2.4452 0.0131898
243 4.34009 0.0607533 2.34296 0.0344798
244 0 0 0 0
245 3.84261 0.0461341 2.74086 0.0325254
246 3.36741 0.0426728 2.40898 0.0303607
247 4.75789 0.027691 2.42854 0.0147484
